13579
13597
13759
13957
13795
13975
15379
15397
17359
19357
17395
19375
15739
15937
17539
19537
17935
19735
15793
15973
17593
19573
17953
19753
31579
31597
31759
31957
31795
31975
51379
51397
71359
91357
71395
91375
51739
51937
71539
91537
71935
91735
51793
51973
71593
91573
71953
91753
35179
35197
37159
39157
37195
39175
53179
53197
73159
93157
73195
93175
57139
59137
75139
95137
79135
97135
57193
59173
75193
95173
79153
97153
35719
35917
37519
39517
37915
39715
53719
53917
73519
93517
73915
93715
57319
59317
75319
95317
79315
97315
57913
59713
75913
95713
79513
97513
35791
35971
37591
39571
37951
39751
53791
53971
73591
93571
73951
93751
57391
59371
75391
95371
79351
97351
57931
59731
75931
95731
79531
97531
